ATF	1.0
1	5
Calculation applied: None
"Name [Measurement Set Info]=ChlamyLugol10xRuben"
"Plate ID"	"Well Name"	"Site ID"	"MEASUREMENT SET ID"	"Cell Count (ChlamyLugol10xRuben)"
16724	"A01"	1	7254	1006.0
16724	"A01"	2	7254	1083.0
16724	"A01"	3	7254	738.0
16724	"A01"	4	7254	1223.0
16724	"A01"	5	7254	851.0
16724	"A01"	6	7254	1580.0
16724	"A01"	7	7254	853.0
16724	"A01"	8	7254	932.0
16724	"A01"	9	7254	972.0
16724	"A02"	1	7254	1828.0
16724	"A02"	2	7254	1727.0
16724	"A02"	3	7254	1621.0
16724	"A02"	4	7254	1745.0
16724	"A02"	5	7254	1664.0
16724	"A02"	6	7254	2628.0
16724	"A02"	7	7254	1708.0
16724	"A02"	8	7254	1967.0
16724	"A02"	9	7254	2629.0
16724	"A03"	1	7254	2634.0
16724	"A03"	2	7254	2506.0
16724	"A03"	3	7254	4056.0
16724	"A03"	4	7254	3178.0
16724	"A03"	5	7254	4067.0
16724	"A03"	6	7254	5838.0
16724	"A03"	7	7254	4639.0
16724	"A03"	8	7254	5026.0
16724	"A03"	9	7254	5970.0
16724	"A04"	1	7254	1458.0
16724	"A04"	2	7254	1259.0
16724	"A04"	3	7254	1021.0
16724	"A04"	4	7254	1104.0
16724	"A04"	5	7254	850.0
16724	"A04"	6	7254	974.0
16724	"A04"	7	7254	858.0
16724	"A04"	8	7254	942.0
16724	"A04"	9	7254	1386.0
16724	"A05"	1	7254	2680.0
16724	"A05"	2	7254	1745.0
16724	"A05"	3	7254	1967.0
16724	"A05"	4	7254	1420.0
16724	"A05"	5	7254	1157.0
16724	"A05"	6	7254	1976.0
16724	"A05"	7	7254	1229.0
16724	"A05"	8	7254	1470.0
16724	"A05"	9	7254	1715.0
16724	"A06"	1	7254	2859.0
16724	"A06"	2	7254	1518.0
16724	"A06"	3	7254	1889.0
16724	"A06"	4	7254	1544.0
16724	"A06"	5	7254	1200.0
16724	"A06"	6	7254	1912.0
16724	"A06"	7	7254	1646.0
16724	"A06"	8	7254	1608.0
16724	"A06"	9	7254	2110.0
16724	"A07"	1	7254	981.0
16724	"A07"	2	7254	912.0
16724	"A07"	3	7254	1115.0
16724	"A07"	4	7254	1514.0
16724	"A07"	5	7254	974.0
16724	"A07"	6	7254	2081.0
16724	"A07"	7	7254	1125.0
16724	"A07"	8	7254	1682.0
16724	"A07"	9	7254	1645.0
16724	"A08"	1	7254	1423.0
16724	"A08"	2	7254	1133.0
16724	"A08"	3	7254	1415.0
16724	"A08"	4	7254	1428.0
16724	"A08"	5	7254	960.0
16724	"A08"	6	7254	1364.0
16724	"A08"	7	7254	1358.0
16724	"A08"	8	7254	1142.0
16724	"A08"	9	7254	1554.0
16724	"A09"	1	7254	2109.0
16724	"A09"	2	7254	1254.0
16724	"A09"	3	7254	1863.0
16724	"A09"	4	7254	1674.0
16724	"A09"	5	7254	1205.0
16724	"A09"	6	7254	1874.0
16724	"A09"	7	7254	1558.0
16724	"A09"	8	7254	1496.0
16724	"A09"	9	7254	2023.0
16724	"A10"	1	7254	1853.0
16724	"A10"	2	7254	2078.0
16724	"A10"	3	7254	1759.0
16724	"A10"	4	7254	4785.0
16724	"A10"	5	7254	1702.0
16724	"A10"	6	7254	1642.0
16724	"A10"	7	7254	3752.0
16724	"A10"	8	7254	2001.0
16724	"A10"	9	7254	3366.0
16724	"A11"	1	7254	1377.0
16724	"A11"	2	7254	1222.0
16724	"A11"	3	7254	1329.0
16724	"A11"	4	7254	2631.0
16724	"A11"	5	7254	1230.0
16724	"A11"	6	7254	1498.0
16724	"A11"	7	7254	1745.0
16724	"A11"	8	7254	1390.0
16724	"A11"	9	7254	1701.0
16724	"A12"	1	7254	1533.0
16724	"A12"	2	7254	3373.0
16724	"A12"	3	7254	1357.0
16724	"A12"	4	7254	5465.0
16724	"A12"	5	7254	2642.0
16724	"A12"	6	7254	1774.0
16724	"A12"	7	7254	4633.0
16724	"A12"	8	7254	2802.0
16724	"A12"	9	7254	3709.0
16724	"B01"	1	7254	1442.0
16724	"B01"	2	7254	1153.0
16724	"B01"	3	7254	1569.0
16724	"B01"	4	7254	1824.0
16724	"B01"	5	7254	1377.0
16724	"B01"	6	7254	3013.0
16724	"B01"	7	7254	1462.0
16724	"B01"	8	7254	2031.0
16724	"B01"	9	7254	2341.0
16724	"B02"	1	7254	1848.0
16724	"B02"	2	7254	1647.0
16724	"B02"	3	7254	1769.0
16724	"B02"	4	7254	1730.0
16724	"B02"	5	7254	1611.0
16724	"B02"	6	7254	3036.0
16724	"B02"	7	7254	1607.0
16724	"B02"	8	7254	2197.0
16724	"B02"	9	7254	2542.0
16724	"B03"	1	7254	1672.0
16724	"B03"	2	7254	1977.0
16724	"B03"	3	7254	2501.0
16724	"B03"	4	7254	2559.0
16724	"B03"	5	7254	2787.0
16724	"B03"	6	7254	3847.0
16724	"B03"	7	7254	4167.0
16724	"B03"	8	7254	3632.0
16724	"B03"	9	7254	6254.0
16724	"B04"	1	7254	1260.0
16724	"B04"	2	7254	1296.0
16724	"B04"	3	7254	1051.0
16724	"B04"	4	7254	1393.0
16724	"B04"	5	7254	1142.0
16724	"B04"	6	7254	1003.0
16724	"B04"	7	7254	1217.0
16724	"B04"	8	7254	1353.0
16724	"B04"	9	7254	1355.0
16724	"B05"	1	7254	1410.0
16724	"B05"	2	7254	1251.0
16724	"B05"	3	7254	1391.0
16724	"B05"	4	7254	1814.0
16724	"B05"	5	7254	1788.0
16724	"B05"	6	7254	2927.0
16724	"B05"	7	7254	2175.0
16724	"B05"	8	7254	2734.0
16724	"B05"	9	7254	2941.0
16724	"B06"	1	7254	1775.0
16724	"B06"	2	7254	1579.0
16724	"B06"	3	7254	1770.0
16724	"B06"	4	7254	2431.0
16724	"B06"	5	7254	1531.0
16724	"B06"	6	7254	2010.0
16724	"B06"	7	7254	2552.0
16724	"B06"	8	7254	1873.0
16724	"B06"	9	7254	3330.0
16724	"C01"	1	7254	859.0
16724	"C01"	2	7254	840.0
16724	"C01"	3	7254	827.0
16724	"C01"	4	7254	1456.0
16724	"C01"	5	7254	832.0
16724	"C01"	6	7254	1537.0
16724	"C01"	7	7254	971.0
16724	"C01"	8	7254	803.0
16724	"C01"	9	7254	793.0
16724	"C02"	1	7254	1450.0
16724	"C02"	2	7254	1431.0
16724	"C02"	3	7254	1617.0
16724	"C02"	4	7254	2192.0
16724	"C02"	5	7254	1905.0
16724	"C02"	6	7254	2454.0
16724	"C02"	7	7254	1711.0
16724	"C02"	8	7254	2262.0
16724	"C02"	9	7254	2292.0
16724	"C03"	1	7254	1886.0
16724	"C03"	2	7254	1901.0
16724	"C03"	3	7254	3060.0
16724	"C03"	4	7254	1936.0
16724	"C03"	5	7254	2978.0
16724	"C03"	6	7254	4953.0
16724	"C03"	7	7254	3031.0
16724	"C03"	8	7254	3734.0
16724	"C03"	9	7254	4115.0
16724	"C04"	1	7254	855.0
16724	"C04"	2	7254	1081.0
16724	"C04"	3	7254	845.0
16724	"C04"	4	7254	1196.0
16724	"C04"	5	7254	940.0
16724	"C04"	6	7254	1267.0
16724	"C04"	7	7254	1154.0
16724	"C04"	8	7254	1001.0
16724	"C04"	9	7254	1340.0
16724	"C05"	1	7254	2721.0
16724	"C05"	2	7254	1896.0
16724	"C05"	3	7254	2254.0
16724	"C05"	4	7254	1989.0
16724	"C05"	5	7254	1690.0
16724	"C05"	6	7254	2547.0
16724	"C05"	7	7254	1836.0
16724	"C05"	8	7254	2112.0
16724	"C05"	9	7254	2368.0
16724	"C06"	1	7254	2198.0
16724	"C06"	2	7254	1715.0
16724	"C06"	3	7254	2004.0
16724	"C06"	4	7254	1630.0
16724	"C06"	5	7254	1613.0
16724	"C06"	6	7254	2046.0
16724	"C06"	7	7254	1625.0
16724	"C06"	8	7254	1858.0
16724	"C06"	9	7254	1918.0
16724	"C07"	1	7254	1110.0
16724	"C07"	2	7254	1007.0
16724	"C07"	3	7254	1055.0
16724	"C07"	4	7254	3051.0
16724	"C07"	5	7254	1226.0
16724	"C07"	6	7254	1467.0
16724	"C07"	7	7254	2964.0
16724	"C07"	8	7254	2151.0
16724	"C07"	9	7254	3040.0
16724	"C08"	1	7254	1233.0
16724	"C08"	2	7254	910.0
16724	"C08"	3	7254	1297.0
16724	"C08"	4	7254	1300.0
16724	"C08"	5	7254	1028.0
16724	"C08"	6	7254	1708.0
16724	"C08"	7	7254	974.0
16724	"C08"	8	7254	1212.0
16724	"C08"	9	7254	1212.0
16724	"C09"	1	7254	2215.0
16724	"C09"	2	7254	1638.0
16724	"C09"	3	7254	2130.0
16724	"C09"	4	7254	2180.0
16724	"C09"	5	7254	1496.0
16724	"C09"	6	7254	2617.0
16724	"C09"	7	7254	1622.0
16724	"C09"	8	7254	1843.0
16724	"C09"	9	7254	1849.0
16724	"C10"	1	7254	1424.0
16724	"C10"	2	7254	1882.0
16724	"C10"	3	7254	1593.0
16724	"C10"	4	7254	4174.0
16724	"C10"	5	7254	1435.0
16724	"C10"	6	7254	1745.0
16724	"C10"	7	7254	2138.0
16724	"C10"	8	7254	1669.0
16724	"C10"	9	7254	2629.0
16724	"C11"	1	7254	2005.0
16724	"C11"	2	7254	2342.0
16724	"C11"	3	7254	1449.0
16724	"C11"	4	7254	3512.0
16724	"C11"	5	7254	1475.0
16724	"C11"	6	7254	1692.0
16724	"C11"	7	7254	1471.0
16724	"C11"	8	7254	1324.0
16724	"C11"	9	7254	1320.0
16724	"C12"	1	7254	1737.0
16724	"C12"	2	7254	3366.0
16724	"C12"	3	7254	1166.0
16724	"C12"	4	7254	4298.0
16724	"C12"	5	7254	1710.0
16724	"C12"	6	7254	1536.0
16724	"C12"	7	7254	2349.0
16724	"C12"	8	7254	1430.0
16724	"C12"	9	7254	1890.0
16724	"D01"	1	7254	1517.0
16724	"D01"	2	7254	1284.0
16724	"D01"	3	7254	1819.0
16724	"D01"	4	7254	2258.0
16724	"D01"	5	7254	1103.0
16724	"D01"	6	7254	2173.0
16724	"D01"	7	7254	1364.0
16724	"D01"	8	7254	1589.0
16724	"D01"	9	7254	1452.0
16724	"D02"	1	7254	1790.0
16724	"D02"	2	7254	1584.0
16724	"D02"	3	7254	1993.0
16724	"D02"	4	7254	2282.0
16724	"D02"	5	7254	1366.0
16724	"D02"	6	7254	2742.0
16724	"D02"	7	7254	1667.0
16724	"D02"	8	7254	1884.0
16724	"D02"	9	7254	1932.0
16724	"D03"	1	7254	1371.0
16724	"D03"	2	7254	1109.0
16724	"D03"	3	7254	2420.0
16724	"D03"	4	7254	1309.0
16724	"D03"	5	7254	1614.0
16724	"D03"	6	7254	4276.0
16724	"D03"	7	7254	1398.0
16724	"D03"	8	7254	2499.0
16724	"D03"	9	7254	2406.0
16724	"D04"	1	7254	1117.0
16724	"D04"	2	7254	1318.0
16724	"D04"	3	7254	1216.0
16724	"D04"	4	7254	1619.0
16724	"D04"	5	7254	1526.0
16724	"D04"	6	7254	1729.0
16724	"D04"	7	7254	1815.0
16724	"D04"	8	7254	1523.0
16724	"D04"	9	7254	2303.0
16724	"D05"	1	7254	1129.0
16724	"D05"	2	7254	1007.0
16724	"D05"	3	7254	1115.0
16724	"D05"	4	7254	1217.0
16724	"D05"	5	7254	1203.0
16724	"D05"	6	7254	2089.0
16724	"D05"	7	7254	1605.0
16724	"D05"	8	7254	1525.0
16724	"D05"	9	7254	2280.0
16724	"D06"	1	7254	1193.0
16724	"D06"	2	7254	1205.0
16724	"D06"	3	7254	1507.0
16724	"D06"	4	7254	1461.0
16724	"D06"	5	7254	1484.0
16724	"D06"	6	7254	1959.0
16724	"D06"	7	7254	1712.0
16724	"D06"	8	7254	2126.0
16724	"D06"	9	7254	2232.0
16724	"E01"	1	7254	919.0
16724	"E01"	2	7254	778.0
16724	"E01"	3	7254	1028.0
16724	"E01"	4	7254	1535.0
16724	"E01"	5	7254	710.0
16724	"E01"	6	7254	1107.0
16724	"E01"	7	7254	1271.0
16724	"E01"	8	7254	826.0
16724	"E01"	9	7254	949.0
16724	"E02"	1	7254	2101.0
16724	"E02"	2	7254	2089.0
16724	"E02"	3	7254	2858.0
16724	"E02"	4	7254	2656.0
16724	"E02"	5	7254	1581.0
16724	"E02"	6	7254	3277.0
16724	"E02"	7	7254	2241.0
16724	"E02"	8	7254	2110.0
16724	"E02"	9	7254	2227.0
16724	"E03"	1	7254	2058.0
16724	"E03"	2	7254	1332.0
16724	"E03"	3	7254	3000.0
16724	"E03"	4	7254	1406.0
16724	"E03"	5	7254	1959.0
16724	"E03"	6	7254	3746.0
16724	"E03"	7	7254	1741.0
16724	"E03"	8	7254	2283.0
16724	"E03"	9	7254	2225.0
16724	"E04"	1	7254	883.0
16724	"E04"	2	7254	970.0
16724	"E04"	3	7254	932.0
16724	"E04"	4	7254	1011.0
16724	"E04"	5	7254	924.0
16724	"E04"	6	7254	1192.0
16724	"E04"	7	7254	955.0
16724	"E04"	8	7254	981.0
16724	"E04"	9	7254	1350.0
16724	"E05"	1	7254	1543.0
16724	"E05"	2	7254	1698.0
16724	"E05"	3	7254	2178.0
16724	"E05"	4	7254	2222.0
16724	"E05"	5	7254	1999.0
16724	"E05"	6	7254	2918.0
16724	"E05"	7	7254	2909.0
16724	"E05"	8	7254	2862.0
16724	"E05"	9	7254	4071.0
16724	"E06"	1	7254	1165.0
16724	"E06"	2	7254	1202.0
16724	"E06"	3	7254	1561.0
16724	"E06"	4	7254	1478.0
16724	"E06"	5	7254	1681.0
16724	"E06"	6	7254	2138.0
16724	"E06"	7	7254	2013.0
16724	"E06"	8	7254	2311.0
16724	"E06"	9	7254	2879.0
16724	"E07"	1	7254	1054.0
16724	"E07"	2	7254	1697.0
16724	"E07"	3	7254	1033.0
16724	"E07"	4	7254	2801.0
16724	"E07"	5	7254	1250.0
16724	"E07"	6	7254	1259.0
16724	"E07"	7	7254	1604.0
16724	"E07"	8	7254	1487.0
16724	"E07"	9	7254	2096.0
16724	"E08"	1	7254	1501.0
16724	"E08"	2	7254	1437.0
16724	"E08"	3	7254	1415.0
16724	"E08"	4	7254	1552.0
16724	"E08"	5	7254	994.0
16724	"E08"	6	7254	1378.0
16724	"E08"	7	7254	1420.0
16724	"E08"	8	7254	1270.0
16724	"E08"	9	7254	1398.0
16724	"E09"	1	7254	1976.0
16724	"E09"	2	7254	1928.0
16724	"E09"	3	7254	2402.0
16724	"E09"	4	7254	1947.0
16724	"E09"	5	7254	2252.0
16724	"E09"	6	7254	2842.0
16724	"E09"	7	7254	2193.0
16724	"E09"	8	7254	2662.0
16724	"E09"	9	7254	2908.0
16724	"E10"	1	7254	1913.0
16724	"E10"	2	7254	2295.0
16724	"E10"	3	7254	1176.0
16724	"E10"	4	7254	2063.0
16724	"E10"	5	7254	1157.0
16724	"E10"	6	7254	1519.0
16724	"E10"	7	7254	1682.0
16724	"E10"	8	7254	1395.0
16724	"E10"	9	7254	1605.0
16724	"E11"	1	7254	1379.0
16724	"E11"	2	7254	1346.0
16724	"E11"	3	7254	1364.0
16724	"E11"	4	7254	1559.0
16724	"E11"	5	7254	1272.0
16724	"E11"	6	7254	1629.0
16724	"E11"	7	7254	1325.0
16724	"E11"	8	7254	1415.0
16724	"E11"	9	7254	1367.0
16724	"E12"	1	7254	3574.0
16724	"E12"	2	7254	4327.0
16724	"E12"	3	7254	1552.0
16724	"E12"	4	7254	4328.0
16724	"E12"	5	7254	1768.0
16724	"E12"	6	7254	1978.0
16724	"E12"	7	7254	1920.0
16724	"E12"	8	7254	1375.0
16724	"E12"	9	7254	1588.0
16724	"F01"	1	7254	2002.0
16724	"F01"	2	7254	1957.0
16724	"F01"	3	7254	2163.0
16724	"F01"	4	7254	2946.0
16724	"F01"	5	7254	1990.0
16724	"F01"	6	7254	2087.0
16724	"F01"	7	7254	2271.0
16724	"F01"	8	7254	1450.0
16724	"F01"	9	7254	2474.0
16724	"F02"	1	7254	2327.0
16724	"F02"	2	7254	1898.0
16724	"F02"	3	7254	2588.0
16724	"F02"	4	7254	2976.0
16724	"F02"	5	7254	1720.0
16724	"F02"	6	7254	2705.0
16724	"F02"	7	7254	2452.0
16724	"F02"	8	7254	2223.0
16724	"F02"	9	7254	2810.0
16724	"F03"	1	7254	1788.0
16724	"F03"	2	7254	857.0
16724	"F03"	3	7254	2097.0
16724	"F03"	4	7254	987.0
16724	"F03"	5	7254	1129.0
16724	"F03"	6	7254	2349.0
16724	"F03"	7	7254	967.0
16724	"F03"	8	7254	1624.0
16724	"F03"	9	7254	1784.0
16724	"F04"	1	7254	1418.0
16724	"F04"	2	7254	1163.0
16724	"F04"	3	7254	1669.0
16724	"F04"	4	7254	1174.0
16724	"F04"	5	7254	1520.0
16724	"F04"	6	7254	1722.0
16724	"F04"	7	7254	1728.0
16724	"F04"	8	7254	1921.0
16724	"F04"	9	7254	1987.0
16724	"F05"	1	7254	2248.0
16724	"F05"	2	7254	1425.0
16724	"F05"	3	7254	2813.0
16724	"F05"	4	7254	1610.0
16724	"F05"	5	7254	1740.0
16724	"F05"	6	7254	2869.0
16724	"F05"	7	7254	1765.0
16724	"F05"	8	7254	2170.0
16724	"F05"	9	7254	2572.0
16724	"F06"	1	7254	2126.0
16724	"F06"	2	7254	2066.0
16724	"F06"	3	7254	1721.0
16724	"F06"	4	7254	2117.0
16724	"F06"	5	7254	1767.0
16724	"F06"	6	7254	1816.0
16724	"F06"	7	7254	1868.0
16724	"F06"	8	7254	1855.0
16724	"F06"	9	7254	2203.0
16724	"G01"	1	7254	744.0
16724	"G01"	2	7254	785.0
16724	"G01"	3	7254	1010.0
16724	"G01"	4	7254	1149.0
16724	"G01"	5	7254	748.0
16724	"G01"	6	7254	850.0
16724	"G01"	7	7254	1069.0
16724	"G01"	8	7254	777.0
16724	"G01"	9	7254	1096.0
16724	"G02"	1	7254	2144.0
16724	"G02"	2	7254	1232.0
16724	"G02"	3	7254	1663.0
16724	"G02"	4	7254	1772.0
16724	"G02"	5	7254	1284.0
16724	"G02"	6	7254	1462.0
16724	"G02"	7	7254	1778.0
16724	"G02"	8	7254	1239.0
16724	"G02"	9	7254	2227.0
16724	"G03"	1	7254	6525.0
16724	"G03"	2	7254	2446.0
16724	"G03"	3	7254	5739.0
16724	"G03"	4	7254	1649.0
16724	"G03"	5	7254	3036.0
16724	"G03"	6	7254	5472.0
16724	"G03"	7	7254	2460.0
16724	"G03"	8	7254	3318.0
16724	"G03"	9	7254	3050.0
16724	"G04"	1	7254	1136.0
16724	"G04"	2	7254	1112.0
16724	"G04"	3	7254	1084.0
16724	"G04"	4	7254	1058.0
16724	"G04"	5	7254	1314.0
16724	"G04"	6	7254	1052.0
16724	"G04"	7	7254	1221.0
16724	"G04"	8	7254	1143.0
16724	"G04"	9	7254	1554.0
16724	"G05"	1	7254	1247.0
16724	"G05"	2	7254	904.0
16724	"G05"	3	7254	1048.0
16724	"G05"	4	7254	1205.0
16724	"G05"	5	7254	910.0
16724	"G05"	6	7254	2062.0
16724	"G05"	7	7254	1178.0
16724	"G05"	8	7254	1535.0
16724	"G05"	9	7254	3976.0
16724	"G06"	1	7254	1753.0
16724	"G06"	2	7254	1224.0
16724	"G06"	3	7254	1581.0
16724	"G06"	4	7254	1704.0
16724	"G06"	5	7254	1116.0
16724	"G06"	6	7254	1917.0
16724	"G06"	7	7254	1684.0
16724	"G06"	8	7254	1840.0
16724	"G06"	9	7254	3773.0
16724	"G07"	1	7254	5709.0
16724	"G07"	2	7254	3621.0
16724	"G07"	3	7254	2353.0
16724	"G07"	4	7254	3676.0
16724	"G07"	5	7254	1704.0
16724	"G07"	6	7254	1565.0
16724	"G07"	7	7254	2374.0
16724	"G07"	8	7254	1508.0
16724	"G07"	9	7254	1948.0
16724	"G08"	1	7254	1394.0
16724	"G08"	2	7254	1343.0
16724	"G08"	3	7254	1328.0
16724	"G08"	4	7254	1146.0
16724	"G08"	5	7254	1252.0
16724	"G08"	6	7254	1590.0
16724	"G08"	7	7254	1405.0
16724	"G08"	8	7254	1684.0
16724	"G08"	9	7254	2093.0
16724	"G09"	1	7254	2140.0
16724	"G09"	2	7254	1806.0
16724	"G09"	3	7254	1799.0
16724	"G09"	4	7254	1935.0
16724	"G09"	5	7254	1662.0
16724	"G09"	6	7254	2563.0
16724	"G09"	7	7254	1971.0
16724	"G09"	8	7254	2643.0
16724	"G09"	9	7254	3432.0
16724	"G10"	1	7254	2913.0
16724	"G10"	2	7254	1581.0
16724	"G10"	3	7254	1148.0
16724	"G10"	4	7254	2106.0
16724	"G10"	5	7254	922.0
16724	"G10"	6	7254	1158.0
16724	"G10"	7	7254	1321.0
16724	"G10"	8	7254	1163.0
16724	"G10"	9	7254	1478.0
16724	"G11"	1	7254	1158.0
16724	"G11"	2	7254	1224.0
16724	"G11"	3	7254	815.0
16724	"G11"	4	7254	1318.0
16724	"G11"	5	7254	1039.0
16724	"G11"	6	7254	1381.0
16724	"G11"	7	7254	1082.0
16724	"G11"	8	7254	1296.0
16724	"G11"	9	7254	1484.0
16724	"G12"	1	7254	3622.0
16724	"G12"	2	7254	3114.0
16724	"G12"	3	7254	1808.0
16724	"G12"	4	7254	4200.0
16724	"G12"	5	7254	1995.0
16724	"G12"	6	7254	1623.0
16724	"G12"	7	7254	3026.0
16724	"G12"	8	7254	1751.0
16724	"G12"	9	7254	2213.0
16724	"H01"	1	7254	2137.0
16724	"H01"	2	7254	1736.0
16724	"H01"	3	7254	2289.0
16724	"H01"	4	7254	2345.0
16724	"H01"	5	7254	1651.0
16724	"H01"	6	7254	2281.0
16724	"H01"	7	7254	2150.0
16724	"H01"	8	7254	1695.0
16724	"H01"	9	7254	3155.0
16724	"H02"	1	7254	3313.0
16724	"H02"	2	7254	2524.0
16724	"H02"	3	7254	2943.0
16724	"H02"	4	7254	2790.0
16724	"H02"	5	7254	2463.0
16724	"H02"	6	7254	2770.0
16724	"H02"	7	7254	2988.0
16724	"H02"	8	7254	2724.0
16724	"H02"	9	7254	4006.0
16724	"H03"	1	7254	6778.0
16724	"H03"	2	7254	2080.0
16724	"H03"	3	7254	5161.0
16724	"H03"	4	7254	1523.0
16724	"H03"	5	7254	2166.0
16724	"H03"	6	7254	4909.0
16724	"H03"	7	7254	1547.0
16724	"H03"	8	7254	2828.0
16724	"H03"	9	7254	2450.0
16724	"H04"	1	7254	2338.0
16724	"H04"	2	7254	1383.0
16724	"H04"	3	7254	1262.0
16724	"H04"	4	7254	1223.0
16724	"H04"	5	7254	1414.0
16724	"H04"	6	7254	1513.0
16724	"H04"	7	7254	1468.0
16724	"H04"	8	7254	1491.0
16724	"H04"	9	7254	2009.0
16724	"H05"	1	7254	2243.0
16724	"H05"	2	7254	1828.0
16724	"H05"	3	7254	1928.0
16724	"H05"	4	7254	1188.0
16724	"H05"	5	7254	1047.0
16724	"H05"	6	7254	1919.0
16724	"H05"	7	7254	1126.0
16724	"H05"	8	7254	1355.0
16724	"H05"	9	7254	3223.0
16724	"H06"	1	7254	11.0
16724	"H06"	2	7254	3.0
16724	"H06"	3	7254	4.0
16724	"H06"	4	7254	5.0
16724	"H06"	5	7254	4.0
16724	"H06"	6	7254	3.0
16724	"H06"	7	7254	7.0
16724	"H06"	8	7254	2.0
16724	"H06"	9	7254	3.0