ATF	1.0
1	5
Calculation applied: None
"Name [Measurement Set Info]=ChlamyLugol10xRuben"
"Plate ID"	"Well Name"	"Site ID"	"MEASUREMENT SET ID"	"Cell Count (ChlamyLugol10xRuben)"
16716	"A01"	1	7246	1353.0
16716	"A01"	2	7246	1198.0
16716	"A01"	3	7246	926.0
16716	"A01"	4	7246	1275.0
16716	"A01"	5	7246	897.0
16716	"A01"	6	7246	1130.0
16716	"A01"	7	7246	1053.0
16716	"A01"	8	7246	1121.0
16716	"A01"	9	7246	1169.0
16716	"A02"	1	7246	2215.0
16716	"A02"	2	7246	1349.0
16716	"A02"	3	7246	1094.0
16716	"A02"	4	7246	1730.0
16716	"A02"	5	7246	1113.0
16716	"A02"	6	7246	1255.0
16716	"A02"	7	7246	1428.0
16716	"A02"	8	7246	1240.0
16716	"A02"	9	7246	1725.0
16716	"A03"	1	7246	2762.0
16716	"A03"	2	7246	1866.0
16716	"A03"	3	7246	1269.0
16716	"A03"	4	7246	1874.0
16716	"A03"	5	7246	1204.0
16716	"A03"	6	7246	1506.0
16716	"A03"	7	7246	1515.0
16716	"A03"	8	7246	1220.0
16716	"A03"	9	7246	1754.0
16716	"A04"	1	7246	3191.0
16716	"A04"	2	7246	1695.0
16716	"A04"	3	7246	1518.0
16716	"A04"	4	7246	1549.0
16716	"A04"	5	7246	1351.0
16716	"A04"	6	7246	1589.0
16716	"A04"	7	7246	1558.0
16716	"A04"	8	7246	1323.0
16716	"A04"	9	7246	1807.0
16716	"A05"	1	7246	2741.0
16716	"A05"	2	7246	1493.0
16716	"A05"	3	7246	1503.0
16716	"A05"	4	7246	1848.0
16716	"A05"	5	7246	1581.0
16716	"A05"	6	7246	1884.0
16716	"A05"	7	7246	1807.0
16716	"A05"	8	7246	1761.0
16716	"A05"	9	7246	1981.0
16716	"A06"	1	7246	2903.0
16716	"A06"	2	7246	1248.0
16716	"A06"	3	7246	1273.0
16716	"A06"	4	7246	1107.0
16716	"A06"	5	7246	893.0
16716	"A06"	6	7246	1224.0
16716	"A06"	7	7246	967.0
16716	"A06"	8	7246	1195.0
16716	"A06"	9	7246	1198.0
16716	"A07"	1	7246	3120.0
16716	"A07"	2	7246	1541.0
16716	"A07"	3	7246	1372.0
16716	"A07"	4	7246	1336.0
16716	"A07"	5	7246	1052.0
16716	"A07"	6	7246	1411.0
16716	"A07"	7	7246	1359.0
16716	"A07"	8	7246	1293.0
16716	"A07"	9	7246	1616.0
16716	"A08"	1	7246	2709.0
16716	"A08"	2	7246	1478.0
16716	"A08"	3	7246	1368.0
16716	"A08"	4	7246	1892.0
16716	"A08"	5	7246	1282.0
16716	"A08"	6	7246	1484.0
16716	"A08"	7	7246	1685.0
16716	"A08"	8	7246	1378.0
16716	"A08"	9	7246	1654.0
16716	"A09"	1	7246	2655.0
16716	"A09"	2	7246	1108.0
16716	"A09"	3	7246	1196.0
16716	"A09"	4	7246	1264.0
16716	"A09"	5	7246	1036.0
16716	"A09"	6	7246	1306.0
16716	"A09"	7	7246	1065.0
16716	"A09"	8	7246	1075.0
16716	"A09"	9	7246	1176.0
16716	"A10"	1	7246	2450.0
16716	"A10"	2	7246	1780.0
16716	"A10"	3	7246	1715.0
16716	"A10"	4	7246	2376.0
16716	"A10"	5	7246	1508.0
16716	"A10"	6	7246	1625.0
16716	"A10"	7	7246	2283.0
16716	"A10"	8	7246	1654.0
16716	"A10"	9	7246	1774.0
16716	"A11"	1	7246	269.0
16716	"A11"	2	7246	206.0
16716	"A11"	3	7246	263.0
16716	"A11"	4	7246	226.0
16716	"A11"	5	7246	221.0
16716	"A11"	6	7246	218.0
16716	"A11"	7	7246	182.0
16716	"A11"	8	7246	123.0
16716	"A11"	9	7246	129.0
16716	"A12"	1	7246	1991.0
16716	"A12"	2	7246	1626.0
16716	"A12"	3	7246	1689.0
16716	"A12"	4	7246	1917.0
16716	"A12"	5	7246	1580.0
16716	"A12"	6	7246	1712.0
16716	"A12"	7	7246	2052.0
16716	"A12"	8	7246	1662.0
16716	"A12"	9	7246	2080.0
16716	"B01"	1	7246	1656.0
16716	"B01"	2	7246	1400.0
16716	"B01"	3	7246	1183.0
16716	"B01"	4	7246	1609.0
16716	"B01"	5	7246	1031.0
16716	"B01"	6	7246	1253.0
16716	"B01"	7	7246	1198.0
16716	"B01"	8	7246	1039.0
16716	"B01"	9	7246	1483.0
16716	"B02"	1	7246	1957.0
16716	"B02"	2	7246	1623.0
16716	"B02"	3	7246	1832.0
16716	"B02"	4	7246	1748.0
16716	"B02"	5	7246	1652.0
16716	"B02"	6	7246	2127.0
16716	"B02"	7	7246	1568.0
16716	"B02"	8	7246	2009.0
16716	"B02"	9	7246	2177.0
16716	"B03"	1	7246	2373.0
16716	"B03"	2	7246	1689.0
16716	"B03"	3	7246	1368.0
16716	"B03"	4	7246	1911.0
16716	"B03"	5	7246	1457.0
16716	"B03"	6	7246	1419.0
16716	"B03"	7	7246	1588.0
16716	"B03"	8	7246	1559.0
16716	"B03"	9	7246	1912.0
16716	"B04"	1	7246	2431.0
16716	"B04"	2	7246	1815.0
16716	"B04"	3	7246	1552.0
16716	"B04"	4	7246	1684.0
16716	"B04"	5	7246	1465.0
16716	"B04"	6	7246	1836.0
16716	"B04"	7	7246	1442.0
16716	"B04"	8	7246	1635.0
16716	"B04"	9	7246	1765.0
16716	"B05"	1	7246	2687.0
16716	"B05"	2	7246	1800.0
16716	"B05"	3	7246	1693.0
16716	"B05"	4	7246	2128.0
16716	"B05"	5	7246	1663.0
16716	"B05"	6	7246	1919.0
16716	"B05"	7	7246	1989.0
16716	"B05"	8	7246	1859.0
16716	"B05"	9	7246	2594.0
16716	"B06"	1	7246	3363.0
16716	"B06"	2	7246	1812.0
16716	"B06"	3	7246	1653.0
16716	"B06"	4	7246	1948.0
16716	"B06"	5	7246	1538.0
16716	"B06"	6	7246	2066.0
16716	"B06"	7	7246	1987.0
16716	"B06"	8	7246	1669.0
16716	"B06"	9	7246	2403.0
16716	"B07"	1	7246	2567.0
16716	"B07"	2	7246	1732.0
16716	"B07"	3	7246	1954.0
16716	"B07"	4	7246	2030.0
16716	"B07"	5	7246	1841.0
16716	"B07"	6	7246	2109.0
16716	"B07"	7	7246	2246.0
16716	"B07"	8	7246	2131.0
16716	"B07"	9	7246	2380.0
16716	"B08"	1	7246	2578.0
16716	"B08"	2	7246	1777.0
16716	"B08"	3	7246	1957.0
16716	"B08"	4	7246	2149.0
16716	"B08"	5	7246	1693.0
16716	"B08"	6	7246	2061.0
16716	"B08"	7	7246	2013.0
16716	"B08"	8	7246	1937.0
16716	"B08"	9	7246	2462.0
16716	"B09"	1	7246	2253.0
16716	"B09"	2	7246	1252.0
16716	"B09"	3	7246	1497.0
16716	"B09"	4	7246	1353.0
16716	"B09"	5	7246	1343.0
16716	"B09"	6	7246	1767.0
16716	"B09"	7	7246	1356.0
16716	"B09"	8	7246	1368.0
16716	"B09"	9	7246	1493.0
16716	"B10"	1	7246	2111.0
16716	"B10"	2	7246	1071.0
16716	"B10"	3	7246	1579.0
16716	"B10"	4	7246	1274.0
16716	"B10"	5	7246	1109.0
16716	"B10"	6	7246	1859.0
16716	"B10"	7	7246	1422.0
16716	"B10"	8	7246	1398.0
16716	"B10"	9	7246	1581.0
16716	"B11"	1	7246	2198.0
16716	"B11"	2	7246	2303.0
16716	"B11"	3	7246	1999.0
16716	"B11"	4	7246	2935.0
16716	"B11"	5	7246	2082.0
16716	"B11"	6	7246	2420.0
16716	"B11"	7	7246	2817.0
16716	"B11"	8	7246	1971.0
16716	"B11"	9	7246	2607.0
16716	"B12"	1	7246	2177.0
16716	"B12"	2	7246	2059.0
16716	"B12"	3	7246	2045.0
16716	"B12"	4	7246	2921.0
16716	"B12"	5	7246	2079.0
16716	"B12"	6	7246	2221.0
16716	"B12"	7	7246	2386.0
16716	"B12"	8	7246	2040.0
16716	"B12"	9	7246	2912.0
16716	"C01"	1	7246	1700.0
16716	"C01"	2	7246	1473.0
16716	"C01"	3	7246	1754.0
16716	"C01"	4	7246	1661.0
16716	"C01"	5	7246	1397.0
16716	"C01"	6	7246	2530.0
16716	"C01"	7	7246	1335.0
16716	"C01"	8	7246	1625.0
16716	"C01"	9	7246	1403.0
16716	"C02"	1	7246	1402.0
16716	"C02"	2	7246	1424.0
16716	"C02"	3	7246	1261.0
16716	"C02"	4	7246	1862.0
16716	"C02"	5	7246	1198.0
16716	"C02"	6	7246	1442.0
16716	"C02"	7	7246	1307.0
16716	"C02"	8	7246	1418.0
16716	"C02"	9	7246	1516.0
16716	"C03"	1	7246	2179.0
16716	"C03"	2	7246	2118.0
16716	"C03"	3	7246	2185.0
16716	"C03"	4	7246	2158.0
16716	"C03"	5	7246	2317.0
16716	"C03"	6	7246	2298.0
16716	"C03"	7	7246	2219.0
16716	"C03"	8	7246	2630.0
16716	"C03"	9	7246	2858.0
16716	"C04"	1	7246	1946.0
16716	"C04"	2	7246	1905.0
16716	"C04"	3	7246	1651.0
16716	"C04"	4	7246	2171.0
16716	"C04"	5	7246	1769.0
16716	"C04"	6	7246	1890.0
16716	"C04"	7	7246	1911.0
16716	"C04"	8	7246	1871.0
16716	"C04"	9	7246	2218.0
16716	"C05"	1	7246	2162.0
16716	"C05"	2	7246	1976.0
16716	"C05"	3	7246	1916.0
16716	"C05"	4	7246	1976.0
16716	"C05"	5	7246	1838.0
16716	"C05"	6	7246	1890.0
16716	"C05"	7	7246	2118.0
16716	"C05"	8	7246	2087.0
16716	"C05"	9	7246	2362.0
16716	"C06"	1	7246	2315.0
16716	"C06"	2	7246	2101.0
16716	"C06"	3	7246	2061.0
16716	"C06"	4	7246	2335.0
16716	"C06"	5	7246	2335.0
16716	"C06"	6	7246	2320.0
16716	"C06"	7	7246	2680.0
16716	"C06"	8	7246	2393.0
16716	"C06"	9	7246	2773.0
16716	"C07"	1	7246	2391.0
16716	"C07"	2	7246	2374.0
16716	"C07"	3	7246	2351.0
16716	"C07"	4	7246	2790.0
16716	"C07"	5	7246	2522.0
16716	"C07"	6	7246	2350.0
16716	"C07"	7	7246	2853.0
16716	"C07"	8	7246	2457.0
16716	"C07"	9	7246	2711.0
16716	"C08"	1	7246	1896.0
16716	"C08"	2	7246	1594.0
16716	"C08"	3	7246	1905.0
16716	"C08"	4	7246	1691.0
16716	"C08"	5	7246	1870.0
16716	"C08"	6	7246	2118.0
16716	"C08"	7	7246	2036.0
16716	"C08"	8	7246	2214.0
16716	"C08"	9	7246	2173.0
16716	"C09"	1	7246	2047.0
16716	"C09"	2	7246	1686.0
16716	"C09"	3	7246	1952.0
16716	"C09"	4	7246	1956.0
16716	"C09"	5	7246	1733.0
16716	"C09"	6	7246	2391.0
16716	"C09"	7	7246	2008.0
16716	"C09"	8	7246	1939.0
16716	"C09"	9	7246	1994.0
16716	"C10"	1	7246	2459.0
16716	"C10"	2	7246	2510.0
16716	"C10"	3	7246	2354.0
16716	"C10"	4	7246	2743.0
16716	"C10"	5	7246	1996.0
16716	"C10"	6	7246	3238.0
16716	"C10"	7	7246	2442.0
16716	"C10"	8	7246	2234.0
16716	"C10"	9	7246	2405.0
16716	"C11"	1	7246	1913.0
16716	"C11"	2	7246	2239.0
16716	"C11"	3	7246	1950.0
16716	"C11"	4	7246	2735.0
16716	"C11"	5	7246	1917.0
16716	"C11"	6	7246	2539.0
16716	"C11"	7	7246	2216.0
16716	"C11"	8	7246	2107.0
16716	"C11"	9	7246	2222.0
16716	"C12"	1	7246	1532.0
16716	"C12"	2	7246	1409.0
16716	"C12"	3	7246	1312.0
16716	"C12"	4	7246	2230.0
16716	"C12"	5	7246	1395.0
16716	"C12"	6	7246	2254.0
16716	"C12"	7	7246	1963.0
16716	"C12"	8	7246	1458.0
16716	"C12"	9	7246	1712.0
16716	"D01"	1	7246	2631.0
16716	"D01"	2	7246	2136.0
16716	"D01"	3	7246	2619.0
16716	"D01"	4	7246	2226.0
16716	"D01"	5	7246	2131.0
16716	"D01"	6	7246	3127.0
16716	"D01"	7	7246	1894.0
16716	"D01"	8	7246	2243.0
16716	"D01"	9	7246	2354.0
16716	"D02"	1	7246	2514.0
16716	"D02"	2	7246	2311.0
16716	"D02"	3	7246	2458.0
16716	"D02"	4	7246	2590.0
16716	"D02"	5	7246	2358.0
16716	"D02"	6	7246	3295.0
16716	"D02"	7	7246	2322.0
16716	"D02"	8	7246	3139.0
16716	"D02"	9	7246	2903.0
16716	"D03"	1	7246	2293.0
16716	"D03"	2	7246	2301.0
16716	"D03"	3	7246	2375.0
16716	"D03"	4	7246	2411.0
16716	"D03"	5	7246	2213.0
16716	"D03"	6	7246	2987.0
16716	"D03"	7	7246	2259.0
16716	"D03"	8	7246	2761.0
16716	"D03"	9	7246	2659.0
16716	"E01"	1	7246	1955.0
16716	"E01"	2	7246	1516.0
16716	"E01"	3	7246	1512.0
16716	"E01"	4	7246	2744.0
16716	"E01"	5	7246	1259.0
16716	"E01"	6	7246	1764.0
16716	"E01"	7	7246	1604.0
16716	"E01"	8	7246	1449.0
16716	"E01"	9	7246	1831.0
16716	"E02"	1	7246	2017.0
16716	"E02"	2	7246	1702.0
16716	"E02"	3	7246	1616.0
16716	"E02"	4	7246	3314.0
16716	"E02"	5	7246	1557.0
16716	"E02"	6	7246	2372.0
16716	"E02"	7	7246	2092.0
16716	"E02"	8	7246	1932.0
16716	"E02"	9	7246	2244.0
16716	"E03"	1	7246	2199.0
16716	"E03"	2	7246	2254.0
16716	"E03"	3	7246	2135.0
16716	"E03"	4	7246	3050.0
16716	"E03"	5	7246	1861.0
16716	"E03"	6	7246	2491.0
16716	"E03"	7	7246	2266.0
16716	"E03"	8	7246	2142.0
16716	"E03"	9	7246	2380.0
16716	"E04"	1	7246	2257.0
16716	"E04"	2	7246	2231.0
16716	"E04"	3	7246	2246.0
16716	"E04"	4	7246	2622.0
16716	"E04"	5	7246	2099.0
16716	"E04"	6	7246	2456.0
16716	"E04"	7	7246	2452.0
16716	"E04"	8	7246	2492.0
16716	"E04"	9	7246	2574.0
16716	"E05"	1	7246	2041.0
16716	"E05"	2	7246	2117.0
16716	"E05"	3	7246	2231.0
16716	"E05"	4	7246	2320.0
16716	"E05"	5	7246	2249.0
16716	"E05"	6	7246	2460.0
16716	"E05"	7	7246	2224.0
16716	"E05"	8	7246	2490.0
16716	"E05"	9	7246	2643.0
16716	"E06"	1	7246	2175.0
16716	"E06"	2	7246	2170.0
16716	"E06"	3	7246	2327.0
16716	"E06"	4	7246	2242.0
16716	"E06"	5	7246	2246.0
16716	"E06"	6	7246	2605.0
16716	"E06"	7	7246	2257.0
16716	"E06"	8	7246	2523.0
16716	"E06"	9	7246	2699.0
16716	"E07"	1	7246	2097.0
16716	"E07"	2	7246	1761.0
16716	"E07"	3	7246	2198.0
16716	"E07"	4	7246	1973.0
16716	"E07"	5	7246	2052.0
16716	"E07"	6	7246	2409.0
16716	"E07"	7	7246	2145.0
16716	"E07"	8	7246	2162.0
16716	"E07"	9	7246	2271.0
16716	"E08"	1	7246	2368.0
16716	"E08"	2	7246	2211.0
16716	"E08"	3	7246	2461.0
16716	"E08"	4	7246	2678.0
16716	"E08"	5	7246	2634.0
16716	"E08"	6	7246	2905.0
16716	"E08"	7	7246	2821.0
16716	"E08"	8	7246	2629.0
16716	"E08"	9	7246	2814.0
16716	"E09"	1	7246	1987.0
16716	"E09"	2	7246	1789.0
16716	"E09"	3	7246	1781.0
16716	"E09"	4	7246	1757.0
16716	"E09"	5	7246	1790.0
16716	"E09"	6	7246	3176.0
16716	"E09"	7	7246	1885.0
16716	"E09"	8	7246	2062.0
16716	"E09"	9	7246	2055.0
16716	"E10"	1	7246	2232.0
16716	"E10"	2	7246	2092.0
16716	"E10"	3	7246	2454.0
16716	"E10"	4	7246	2251.0
16716	"E10"	5	7246	1999.0
16716	"E10"	6	7246	3772.0
16716	"E10"	7	7246	2061.0
16716	"E10"	8	7246	2444.0
16716	"E10"	9	7246	2192.0
16716	"E11"	1	7246	2050.0
16716	"E11"	2	7246	1845.0
16716	"E11"	3	7246	1991.0
16716	"E11"	4	7246	2194.0
16716	"E11"	5	7246	1710.0
16716	"E11"	6	7246	3113.0
16716	"E11"	7	7246	1935.0
16716	"E11"	8	7246	1692.0
16716	"E11"	9	7246	1860.0
16716	"E12"	1	7246	2152.0
16716	"E12"	2	7246	2470.0
16716	"E12"	3	7246	1741.0
16716	"E12"	4	7246	2911.0
16716	"E12"	5	7246	1711.0
16716	"E12"	6	7246	2801.0
16716	"E12"	7	7246	1776.0
16716	"E12"	8	7246	1592.0
16716	"E12"	9	7246	1585.0
16716	"F01"	1	7246	1449.0
16716	"F01"	2	7246	1406.0
16716	"F01"	3	7246	1343.0
16716	"F01"	4	7246	2703.0
16716	"F01"	5	7246	1242.0
16716	"F01"	6	7246	2164.0
16716	"F01"	7	7246	1811.0
16716	"F01"	8	7246	1756.0
16716	"F01"	9	7246	2174.0
16716	"F02"	1	7246	1955.0
16716	"F02"	2	7246	1431.0
16716	"F02"	3	7246	1960.0
16716	"F02"	4	7246	1990.0
16716	"F02"	5	7246	1644.0
16716	"F02"	6	7246	2189.0
16716	"F02"	7	7246	1697.0
16716	"F02"	8	7246	1833.0
16716	"F02"	9	7246	2082.0
16716	"F03"	1	7246	1147.0
16716	"F03"	2	7246	1147.0
16716	"F03"	3	7246	1491.0
16716	"F03"	4	7246	2015.0
16716	"F03"	5	7246	1488.0
16716	"F03"	6	7246	2068.0
16716	"F03"	7	7246	1652.0
16716	"F03"	8	7246	1633.0
16716	"F03"	9	7246	2164.0
16716	"F04"	1	7246	1981.0
16716	"F04"	2	7246	1797.0
16716	"F04"	3	7246	1917.0
16716	"F04"	4	7246	2200.0
16716	"F04"	5	7246	1890.0
16716	"F04"	6	7246	2089.0
16716	"F04"	7	7246	2207.0
16716	"F04"	8	7246	2089.0
16716	"F04"	9	7246	2773.0
16716	"F05"	1	7246	2070.0
16716	"F05"	2	7246	1781.0
16716	"F05"	3	7246	1873.0
16716	"F05"	4	7246	2026.0
16716	"F05"	5	7246	1776.0
16716	"F05"	6	7246	2062.0
16716	"F05"	7	7246	2151.0
16716	"F05"	8	7246	2097.0
16716	"F05"	9	7246	2843.0
16716	"F06"	1	7246	2120.0
16716	"F06"	2	7246	1950.0
16716	"F06"	3	7246	1982.0
16716	"F06"	4	7246	2015.0
16716	"F06"	5	7246	1873.0
16716	"F06"	6	7246	2346.0
16716	"F06"	7	7246	2305.0
16716	"F06"	8	7246	2502.0
16716	"F06"	9	7246	3460.0
16716	"F07"	1	7246	2516.0
16716	"F07"	2	7246	2253.0
16716	"F07"	3	7246	2273.0
16716	"F07"	4	7246	2279.0
16716	"F07"	5	7246	2280.0
16716	"F07"	6	7246	2566.0
16716	"F07"	7	7246	2363.0
16716	"F07"	8	7246	2506.0
16716	"F07"	9	7246	2996.0
16716	"F08"	1	7246	2345.0
16716	"F08"	2	7246	2193.0
16716	"F08"	3	7246	2069.0
16716	"F08"	4	7246	2068.0
16716	"F08"	5	7246	2034.0
16716	"F08"	6	7246	2819.0
16716	"F08"	7	7246	2341.0
16716	"F08"	8	7246	2459.0
16716	"F08"	9	7246	2856.0
16716	"F09"	1	7246	1712.0
16716	"F09"	2	7246	1685.0
16716	"F09"	3	7246	1576.0
16716	"F09"	4	7246	1783.0
16716	"F09"	5	7246	1358.0
16716	"F09"	6	7246	2534.0
16716	"F09"	7	7246	1735.0
16716	"F09"	8	7246	1876.0
16716	"F09"	9	7246	1937.0
16716	"F10"	1	7246	1968.0
16716	"F10"	2	7246	1974.0
16716	"F10"	3	7246	2512.0
16716	"F10"	4	7246	1768.0
16716	"F10"	5	7246	3542.0
16716	"F10"	6	7246	3953.0
16716	"F10"	7	7246	2119.0
16716	"F10"	8	7246	2945.0
16716	"F10"	9	7246	1946.0
16716	"F11"	1	7246	2289.0
16716	"F11"	2	7246	1958.0
16716	"F11"	3	7246	1675.0
16716	"F11"	4	7246	2007.0
16716	"F11"	5	7246	1656.0
16716	"F11"	6	7246	2610.0
16716	"F11"	7	7246	1749.0
16716	"F11"	8	7246	1887.0
16716	"F11"	9	7246	1989.0
16716	"F12"	1	7246	1639.0
16716	"F12"	2	7246	1501.0
16716	"F12"	3	7246	1292.0
16716	"F12"	4	7246	2337.0
16716	"F12"	5	7246	1199.0
16716	"F12"	6	7246	2384.0
16716	"F12"	7	7246	1832.0
16716	"F12"	8	7246	1346.0
16716	"F12"	9	7246	1534.0
16716	"G01"	1	7246	1655.0
16716	"G01"	2	7246	1359.0
16716	"G01"	3	7246	1628.0
16716	"G01"	4	7246	1998.0
16716	"G01"	5	7246	1379.0
16716	"G01"	6	7246	2512.0
16716	"G01"	7	7246	1646.0
16716	"G01"	8	7246	1746.0
16716	"G01"	9	7246	1915.0
16716	"G02"	1	7246	1440.0
16716	"G02"	2	7246	1102.0
16716	"G02"	3	7246	1326.0
16716	"G02"	4	7246	1598.0
16716	"G02"	5	7246	1014.0
16716	"G02"	6	7246	1577.0
16716	"G02"	7	7246	1448.0
16716	"G02"	8	7246	1336.0
16716	"G02"	9	7246	1981.0
16716	"G03"	1	7246	2079.0
16716	"G03"	2	7246	1607.0
16716	"G03"	3	7246	1954.0
16716	"G03"	4	7246	1629.0
16716	"G03"	5	7246	1480.0
16716	"G03"	6	7246	2004.0
16716	"G03"	7	7246	1593.0
16716	"G03"	8	7246	1747.0
16716	"G03"	9	7246	2706.0
16716	"G04"	1	7246	1376.0
16716	"G04"	2	7246	1258.0
16716	"G04"	3	7246	1514.0
16716	"G04"	4	7246	1422.0
16716	"G04"	5	7246	1647.0
16716	"G04"	6	7246	1722.0
16716	"G04"	7	7246	2030.0
16716	"G04"	8	7246	1824.0
16716	"G04"	9	7246	2190.0
16716	"G05"	1	7246	1959.0
16716	"G05"	2	7246	1706.0
16716	"G05"	3	7246	1822.0
16716	"G05"	4	7246	1872.0
16716	"G05"	5	7246	1665.0
16716	"G05"	6	7246	2216.0
16716	"G05"	7	7246	1931.0
16716	"G05"	8	7246	2076.0
16716	"G05"	9	7246	2544.0
16716	"G06"	1	7246	2798.0
16716	"G06"	2	7246	2405.0
16716	"G06"	3	7246	1945.0
16716	"G06"	4	7246	2347.0
16716	"G06"	5	7246	1864.0
16716	"G06"	6	7246	2058.0
16716	"G06"	7	7246	2247.0
16716	"G06"	8	7246	2216.0
16716	"G06"	9	7246	2859.0
16716	"G07"	1	7246	2799.0
16716	"G07"	2	7246	2426.0
16716	"G07"	3	7246	1921.0
16716	"G07"	4	7246	2332.0
16716	"G07"	5	7246	1993.0
16716	"G07"	6	7246	2113.0
16716	"G07"	7	7246	2003.0
16716	"G07"	8	7246	2012.0
16716	"G07"	9	7246	2918.0
16716	"G08"	1	7246	1554.0
16716	"G08"	2	7246	1524.0
16716	"G08"	3	7246	1372.0
16716	"G08"	4	7246	1763.0
16716	"G08"	5	7246	1298.0
16716	"G08"	6	7246	1463.0
16716	"G08"	7	7246	1550.0
16716	"G08"	8	7246	1458.0
16716	"G08"	9	7246	2236.0
16716	"G09"	1	7246	1926.0
16716	"G09"	2	7246	1763.0
16716	"G09"	3	7246	1703.0
16716	"G09"	4	7246	1866.0
16716	"G09"	5	7246	1585.0
16716	"G09"	6	7246	2255.0
16716	"G09"	7	7246	1834.0
16716	"G09"	8	7246	1948.0
16716	"G09"	9	7246	2509.0
16716	"G10"	1	7246	1642.0
16716	"G10"	2	7246	1533.0
16716	"G10"	3	7246	1683.0
16716	"G10"	4	7246	2006.0
16716	"G10"	5	7246	1514.0
16716	"G10"	6	7246	2497.0
16716	"G10"	7	7246	1711.0
16716	"G10"	8	7246	1979.0
16716	"G10"	9	7246	2144.0
16716	"G11"	1	7246	2145.0
16716	"G11"	2	7246	2186.0
16716	"G11"	3	7246	2245.0
16716	"G11"	4	7246	2312.0
16716	"G11"	5	7246	1975.0
16716	"G11"	6	7246	2801.0
16716	"G11"	7	7246	1892.0
16716	"G11"	8	7246	2275.0
16716	"G11"	9	7246	2366.0
16716	"G12"	1	7246	1223.0
16716	"G12"	2	7246	1441.0
16716	"G12"	3	7246	1303.0
16716	"G12"	4	7246	2319.0
16716	"G12"	5	7246	1359.0
16716	"G12"	6	7246	2450.0
16716	"G12"	7	7246	1730.0
16716	"G12"	8	7246	1569.0
16716	"G12"	9	7246	1691.0
16716	"H01"	1	7246	2157.0
16716	"H01"	2	7246	1431.0
16716	"H01"	3	7246	2169.0
16716	"H01"	4	7246	1793.0
16716	"H01"	5	7246	1283.0
16716	"H01"	6	7246	1962.0
16716	"H01"	7	7246	1805.0
16716	"H01"	8	7246	1522.0
16716	"H01"	9	7246	2512.0
16716	"H02"	1	7246	1982.0
16716	"H02"	2	7246	1481.0
16716	"H02"	3	7246	1502.0
16716	"H02"	4	7246	1368.0
16716	"H02"	5	7246	1296.0
16716	"H02"	6	7246	1811.0
16716	"H02"	7	7246	1233.0
16716	"H02"	8	7246	1529.0
16716	"H02"	9	7246	2293.0
16716	"H03"	1	7246	2689.0
16716	"H03"	2	7246	1716.0
16716	"H03"	3	7246	1512.0
16716	"H03"	4	7246	1446.0
16716	"H03"	5	7246	1303.0
16716	"H03"	6	7246	1751.0
16716	"H03"	7	7246	1381.0
16716	"H03"	8	7246	1457.0
16716	"H03"	9	7246	2237.0